%YAML:1.0
---
k: !!opencv-matrix
   rows: 3
   cols: 3
   dt: d
   data: [ 1.8554977546365853e+02, 0., 1.6014682115533535e+02, 0.,
       1.8506028418286644e+02, 1.5469136479869448e+02, 0., 0., 1. ]
D: !!opencv-matrix
   rows: 1
   cols: 5
   dt: d
   data: [ -9.9520217280361797e-02, 4.9982759758752826e-02,
       4.0488881191448579e-04, -7.5257917162944771e-04,
       -4.7257852180874291e-02 ]
size: !!opencv-matrix
   rows: 2
   cols: 1
   dt: i
   data: [ 244, 324 ]
